45.9695
45.9688
45.968
45.9672
45.9665
45.9657
45.965
45.9642
45.9635
45.9627
45.9619
45.9612
45.9604
45.9597
45.9589
45.9581
45.9574
45.9566
45.9559
45.9551
45.9544
45.9536
45.9528
45.9521
45.9513
45.9506
45.9498
45.949
45.9483
45.9475
45.9468
45.946
45.9452
45.9445
45.9437
45.943
45.9422
45.9414
45.9407
45.9399
45.9392
45.9384
45.9376
45.9369
45.9361
45.9354
45.9346
45.9338
45.9331
45.9323
45.9316
45.9308
45.93
45.9293
45.9285
45.9278
45.927
45.9262
45.9255
45.9247
45.9239
45.9232
45.9224
45.9217
45.9209
45.9201
45.9194
45.9186
45.9178
45.9171
45.9163
45.9156
45.9148
45.914
45.9133
45.9125
45.9117
45.911
45.9102
45.9095
45.9087
45.9079
45.9072
45.9064
45.9056
45.9049
45.9041
45.9033
45.9026
45.9018
45.9011
45.9003
45.8995
45.8988
45.898
45.8972
45.8965
45.8957
45.8949
45.8942
45.8934
45.8926
45.8919
45.8911
45.8903
45.8896
45.8888
45.8881
45.8873
45.8865
45.8858
45.885
45.8842
45.8835
45.8827
45.8819
45.8812
45.8804
45.8796
45.8789
45.8781
45.8773
45.8766
45.8758
45.875
45.8743
45.8735
45.8727
45.872
45.8712
45.8704
45.8697
45.8689
45.8681
45.8674
45.8666
45.8658
45.865
45.8643
45.8635
45.8627
45.862
45.8612
45.8604
45.8597
45.8589
45.8581
45.8574
45.8566
45.8558
45.8551
45.8543
45.8535
45.8528
45.852
45.8512
45.8504
45.8497
45.8489
45.8481
45.8474
45.8466
45.8458
45.8451
45.8443
45.8435
45.8427
45.842
45.8412
45.8404
45.8397
45.8389
45.8381
45.8373
45.8366
45.8358
45.835
45.8343
45.8335
45.8327
45.832
45.8312
45.8304
45.8296
45.8289
45.8281
45.8273
45.8265
45.8258
45.825
45.8242
45.8235
45.8227
45.8219
45.8211
45.8204
45.8196
45.8188
45.8181
45.8173
45.8165
45.8157
45.815
45.8142
45.8134
45.8126
45.8119
45.8111
45.8105
45.8103
45.8095
45.8088
45.808
45.8072
45.8064
45.8057
45.8049
45.8041
45.8034
45.8026
45.8018
45.801
45.8003
45.7995
45.7987
45.7979
45.7972
45.7964
45.7956
45.7948
45.7941
45.7933
45.7925
45.7917
45.791
45.7902
45.7894
45.7886
45.7878
45.7871
45.7863
45.7855
45.7847
45.784
45.7832
45.7824
45.7816
45.7809
45.7801
45.7793
45.7785
45.7778
45.777
45.7762
45.7754
45.7746
45.7744
45.7739
45.7731
45.7723
45.7715
45.7708
45.77
45.7692
45.7684
45.7676
45.7669
45.7661
45.7653
45.7645
45.7638
45.763
45.7622
45.7614
45.7606
45.7599
45.7591
45.7583
45.7575
45.7567
45.756
45.7552
45.7544
45.7536
45.7528
45.7521
45.7513
45.7505
45.7497
45.7489
45.7482
45.7474
45.7466
45.7458
45.745
45.7443
45.7435
45.7427
45.7419
45.7411
45.7404
45.7396
45.7388
45.738
45.7372
45.7365
45.7357
45.7349
45.7341
45.7333
45.7325
45.7318
45.731
45.7302
45.7294
45.7286
45.7279
45.7278
45.7271
45.7263
45.7255
45.7247
45.7239
45.7232
45.7224
45.7216
45.7208
45.72
45.7192
45.7185
45.7177
45.7169
45.7161
45.7153
45.7145
45.7138
45.713
45.7122
45.7114
45.7106
45.7098
45.7091
45.7083
45.7075
45.7067
45.7059
45.7051
45.7044
45.7036
45.7028
45.702
45.7012
45.7004
45.6996
45.6989
45.6981
45.6973
45.6965
45.6957
45.6949
45.6942
45.6934
45.6926
45.6918
45.691
45.6902
45.6894
45.6887
45.6879
45.6871
45.6863
45.6855
45.6847
45.6839
45.6831
45.6824
45.6816
45.6809
45.6808
45.68
45.6792
45.6784
45.6776
45.6768
45.6761
45.6753
45.6745
45.6737
45.6729
45.6721
45.6713
45.6705
45.6698
45.669
45.6682
45.6674
45.6666
45.6658
45.665
45.6642
45.6635
45.6627
45.6619
45.6611
45.6603
45.6595
45.6587
45.6579
45.6571
45.6564
45.6556
45.6548
45.654
45.6532
45.6524
45.6516
45.6508
45.65
45.6492
45.6485
45.6477
45.6469
45.6461
45.6453
45.6445
45.6437
45.6429
45.6421
45.6413
45.6405
45.6398
45.639
45.6382
45.6374
45.6366
45.6358
45.635
45.6344
45.6342
45.6334
45.6326
45.6318
45.6311
45.6303
45.6295
45.6287
45.6279
45.6271
45.6263
45.6255
45.6247
45.6239
45.6231
45.6223
45.6215
45.6208
45.62
45.6192
45.6184
45.6176
45.6168
45.616
45.6152
45.6144
45.6136
45.6128
45.612
45.6112
45.6104
45.6096
45.6088
45.6081
45.6073
45.6065
45.6057
45.6049
45.6041
45.6033
45.6025
45.6017
45.6009
45.6001
45.5993
45.5985
45.5977
45.5969
45.5961
45.5953
45.5945
45.5937
45.593
45.5922
45.5914
45.5906
45.5898
45.589
45.5882
45.5874
45.5867
45.5866
45.5858
45.585
45.5842
45.5834
45.5826
45.5818
45.581
45.5802
45.5794
45.5786
45.5778
45.577
45.5762
45.5754
45.5746
45.5738
45.573
45.5722
45.5714
45.5706
45.5698
45.569
45.5682
45.5674
45.5666
45.5659
45.5651
45.5643
45.5635
45.5627
45.5619
45.5611
45.5603
45.5595
45.5587
45.5579
45.5571
45.5563
45.5555
45.5547
45.5539
45.5531
45.5523
45.5515
45.5507
45.5499
45.5491
45.5483
45.5475
45.5467
45.5459
45.5451
45.5443
45.5435
45.5427
45.5419
45.5411
45.5403
45.5395
45.5387
45.5386
45.5379
45.5371
45.5363
45.5355
45.5347
45.5339
45.5331
45.5323
45.5314
45.5306
45.5298
45.529
45.5282
45.5274
45.5266
45.5258
45.525
45.5242
45.5234
45.5226
45.5218
45.521
45.5202
45.5194
45.5186
45.5178
45.517
45.5162
45.5154
45.5146
45.5138
45.513
45.5122
45.5114
45.5106
45.5098
45.509
45.5082
45.5074
45.5066
45.5058
45.5049
45.5041
45.5033
45.5025
45.5017
45.5009
45.5001
45.4993
45.4985
45.4977
45.4969
45.4961
45.4953
45.4945
45.4937
45.4929
45.4921
45.4915
45.4913
45.4905
45.4897
45.4888
45.488
45.4872
45.4864
45.4856
45.4848
45.484
45.4832
45.4824
45.4816
45.4808
45.48
45.4792
45.4784
45.4776
45.4767
45.4759
45.4751
45.4743
45.4735
45.4727
45.4719
45.4711
45.4703
45.4695
45.4687
45.4679
45.4671
45.4663
45.4654
45.4646
45.4638
45.463
45.4622
45.4614
45.4606
45.4598
45.459
45.4582
45.4574
45.4565
45.4557
45.4549
45.4541
45.4533
45.4525
45.4517
45.4509
45.4501
45.4493
45.4485
45.4476
45.4468
45.446
45.4452
45.4444
45.4436
45.4431
45.4428
45.442
45.4412
45.4404
45.4395
45.4387
45.4379
45.4371
45.4363
45.4355
45.4347
45.4339
45.4331
45.4322
45.4314
45.4306
45.4298
45.429
45.4282
45.4274
45.4266
45.4257
45.4249
45.4241
45.4233
45.4225
45.4217
45.4209
45.4201
45.4193
45.4184
45.4176
45.4168
45.416
45.4152
45.4144
45.4136
45.4127
45.4119
45.4111
45.4103
45.4095
45.4087
45.4079
45.4071
45.4062
45.4054
45.4046
45.4038
45.403
45.4022
45.4014
45.4005
45.3997
45.3989
45.3981
45.3973
45.3965
45.3957
45.3948
45.3947
45.394
45.3932
45.3924
45.3916
45.3908
45.3899
45.3891
45.3883
45.3875
45.3867
45.3859
45.3851
45.3842
45.3834
45.3826
45.3818
45.381
45.3802
45.3793
45.3785
45.3777
45.3769
45.3761
45.3753
45.3744
45.3736
45.3728
45.372
45.3712
45.3704
45.3695
45.3687
45.3679
45.3671
45.3663
45.3654
45.3646
45.3638
45.363
45.3622
45.3614
45.3605
45.3597
45.3589
45.3581
45.3573
45.3564
45.3556
45.3548
45.354
45.3532
45.3524
45.3515
45.3507
45.3499
45.3491
45.3483
45.3474
45.3466
45.3458
45.3457
45.345
45.3442
45.3433
45.3425
45.3417
45.3409
45.3401
45.3392
45.3384
45.3376
45.3368
45.336
45.3351
45.3343
45.3335
45.3327
45.3319
45.331
45.3302
45.3294
45.3286
45.3278
45.3269
45.3261
45.3253
45.3245
45.3236
45.3228
45.322
45.3212
45.3204
45.3195
45.3187
45.3179
45.3171
45.3162
45.3154
45.3146
45.3138
45.313
45.3121
45.3113
45.3105
45.3097
45.3088
45.308
45.3072
45.3064
45.3055
45.3047
45.3039
45.3031
45.3023
45.3014
45.3006
45.2998
45.299
45.2981
45.2973
45.2965
45.2962
45.2957
45.2948
45.294
45.2932
45.2924
45.2915
45.2907
45.2899
45.2891
45.2882
45.2874
45.2866
45.2858
45.2849
45.2841
45.2833
45.2825
45.2816
45.2808
45.28
45.2792
45.2783
45.2775
45.2767
45.2759
45.275
45.2742
45.2734
45.2726
45.2717
45.2709
45.2701
45.2692
45.2684
45.2676
45.2668
45.2659
45.2651
45.2643
45.2635
45.2626
45.2618
45.261
45.2601
45.2593
45.2585
45.2577
45.2568
45.256
45.2552
45.2544
45.2535
45.2527
45.2519
45.251
45.2502
45.2494
45.2486
45.2477
45.2469
45.2467
45.2461
45.2452
45.2444
45.2436
45.2427
45.2419
45.2411
45.2403
45.2394
45.2386
45.2378
45.2369
45.2361
45.2353
45.2345
45.2336
45.2328
45.232
45.2311
45.2303
45.2295
45.2286
45.2278
45.227
45.2261
45.2253
45.2245
45.2237
45.2228
45.222
45.2212
45.2203
45.2195
45.2187
45.2178
45.217
45.2162
45.2153
45.2145
45.2137
45.2128
45.212
45.2112
45.2103
45.2095
45.2087
45.2079
45.207
45.2062
45.2054
45.2045
45.2037
45.2029
45.202
45.2012
45.2004
45.1995
45.1987
45.1979
45.197
45.1969
45.1962
45.1954
45.1945
45.1937
45.1929
45.192
45.1912
45.1904
45.1895
45.1887
45.1879
45.187
45.1862
45.1853
45.1845
45.1837
45.1828
45.182
45.1812
45.1803
45.1795
45.1787
45.1778
45.177
45.1762
45.1753
45.1745
45.1737
45.1728
45.172
45.1712
45.1703
45.1695
45.1686
45.1678
45.167
45.1661
45.1653
45.1645
45.1636
45.1628
45.162
45.1611
45.1603
45.1594
45.1586
45.1578
45.1569
45.1561
45.1553
45.1544
45.1536
45.1527
45.1519
45.1511
45.1502
45.1494
45.1486
45.1477
45.1469
45.146
45.1452
45.1444
45.1435
45.1427
45.1418
45.141
45.1402
45.1393
45.1385
45.1377
45.1368
45.136
45.1356
45.1351
45.1343
45.1335
45.1326
45.1318
45.1309
45.1301
45.1293
45.1284
45.1276
45.1267
45.1259
45.1251
45.1242
45.1234
45.1225
45.1217
45.1209
45.12
45.1192
45.1183
45.1175
45.1167
45.1158
45.115
45.1141
45.1133
45.1125
45.1116
45.1108
45.1099
45.1091
45.1082
45.1074
45.1066
45.1057
45.1049
45.104
45.1032
45.1024
45.1015
45.1007
45.0998
45.099
45.0981
45.0973
45.0965
45.0956
45.0948
45.0939
45.0931
45.0922
45.0914
45.0906
45.0897
45.0889
45.088
45.0872
45.0863
45.0855
45.0847
45.0838
45.083
45.0821
45.0813
45.0804
45.0796
45.0787
45.0779
45.0771
45.0762
45.0754
45.0745
45.0737
45.0734
45.0728
45.072
45.0711
45.0703
45.0695
45.0686
45.0678
45.0669
45.0661
45.0652
45.0644
45.0635
45.0627
45.0618
45.061
45.0602
45.0593
45.0585
45.0576
45.0568
45.0559
45.0551
45.0542
45.0534
45.0525
45.0517
45.0508
45.05
45.0492
45.0483
45.0475
45.0466
45.0458
45.0449
45.0441
45.0432
45.0424
45.0415
45.0407
45.0398
45.039
45.0381
45.0373
45.0364
45.0356
45.0347
45.0339
45.033
45.0322
45.0314
45.0305
45.0297
45.0288
45.028
45.0271
45.0263
45.0254
45.0246
45.0237
45.0229
45.0229
45.022
45.0212
45.0203
45.0195
45.0186
45.0178
45.0169
45.0161
45.0152
45.0144
45.0135
45.0127
45.0118
45.011
45.0101
45.0093
45.0084
45.0076
45.0067
45.0059
45.005
45.0042
45.0033
45.0025
45.0016
45.0008
44.9999
44.9991
44.9982
44.9974
44.9965
44.9956
44.9948
44.9939
44.9931
44.9922
44.9914
44.9905
44.9897
44.9888
44.988
44.9871
44.9863
44.9854
44.9846
44.9837
44.9829
44.982
44.9812
44.9803
44.9795
44.9786
44.9777
44.9769
44.976
44.9752
44.9743
44.9736
44.9735
44.9726
44.9718
44.9709
44.9701
44.9692
44.9684
44.9675
44.9667
44.9658
44.9649
44.9641
44.9632
44.9624
44.9615
44.9607
44.9598
44.959
44.9581
44.9572
44.9564
44.9555
44.9547
44.9538
44.953
44.9521
44.9513
44.9504
44.9496
44.9487
44.9478
44.947
44.9461
44.9453
44.9444
44.9436
44.9427
44.9418
44.941
44.9401
44.9393
44.9384
44.9376
44.9367
44.9358
44.935
44.9341
44.9333
44.9324
44.9316
44.9307
44.9298
44.929
44.9281
44.9273
44.9264
44.9256
44.9247
44.9238
44.9237
44.923
44.9221
44.9213
44.9204
44.9196
44.9187
44.9178
44.917
44.9161
44.9153
44.9144
44.9135
44.9127
44.9118
44.911
44.9101
44.9092
44.9084
44.9075
44.9067
44.9058
44.905
44.9041
44.9032
44.9024
44.9015
44.9007
44.8998
44.8989
44.8981
44.8972
44.8964
44.8955
44.8946
44.8938
44.8929
44.892
44.8912
44.8903
44.8895
44.8886
44.8877
44.8869
44.886
44.8852
44.8843
44.8834
44.8826
44.8817
44.8809
44.88
44.8791
44.8783
44.8774
44.8765
44.8757
44.8748
44.874
44.8731
44.8722
44.872
44.8714
44.8705
44.8696
44.8688
44.8679
44.8671
44.8662
44.8653
44.8645
44.8636
44.8627
44.8619
44.861
44.8601
44.8593
44.8584
44.8576
44.8567
44.8558
44.855
44.8541
44.8532
44.8524
44.8515
44.8506
44.8498
44.8489
44.8481
44.8472
44.8463
44.8455
44.8446
44.8437
44.8429
44.842
44.8411
44.8403
44.8394
44.8385
44.8377
44.8368
44.8359
44.8351
44.8342
44.8333
44.8325
44.8316
44.8307
44.8299
44.829
44.8281
44.8273
44.8264
44.8255
44.8247
44.8238
44.8229
44.8221
44.8212
44.8206
44.8203
44.8195
44.8186
44.8177
44.8169
44.816
44.8151
44.8143
44.8134
44.8125
44.8117
44.8108
44.8099
44.8091
44.8082
44.8073
44.8065
44.8056
44.8047
44.8039
44.803
44.8021
44.8013
44.8004
44.7995
44.7987
44.7978
44.7969
44.796
44.7952
44.7943
44.7934
44.7926
44.7917
44.7908
44.79
44.7891
44.7882
44.7874
44.7865
44.7856
44.7847
44.7839
44.783
44.7821
44.7813
44.7804
44.7795
44.7786
44.7778
44.7769
44.776
44.7752
44.7743
44.7734
44.7726
44.7717
44.7708
44.7699
44.7696
44.7691
44.7682
44.7673
44.7665
44.7656
44.7647
44.7638
44.763
44.7621
44.7612
44.7604
44.7595
44.7586
44.7577
44.7569
44.756
44.7551
44.7542
44.7534
44.7525
44.7516
44.7508
44.7499
44.749
44.7481
44.7473
44.7464
44.7455
44.7446
44.7438
44.7429
44.742
44.7411
44.7403
44.7394
44.7385
44.7377
44.7368
44.7359
44.735
44.7342
44.7333
44.7324
44.7315
44.7307
44.7298
44.7289
44.728
44.7272
44.7263
44.7254
44.7245
44.7237
44.7228
44.7219
44.721
44.7202
44.7193
44.7188
44.7184
44.7175
44.7167
44.7158
44.7149
44.714
44.7131
44.7123
44.7114
44.7105
44.7096
44.7088
44.7079
44.707
44.7061
44.7053
44.7044
44.7035
44.7026
44.7018
44.7009
44.7
44.6991
44.6982
44.6974
44.6965
44.6956
44.6947
44.6939
44.693
44.6921
44.6912
44.6903
44.6895
44.6886
44.6877
44.6868
44.686
44.6851
44.6842
44.6833
44.6824
44.6816
44.6807
44.6798
44.6789
44.678
44.6772
44.6763
44.6754
44.6745
44.6736
44.6728
44.6719
44.671
44.6701
44.6693
44.6684
44.6675
44.6666
44.6657
44.6649
44.664
44.6631
44.6622
44.6613
44.6604
44.6596
44.6587
44.6578
44.6569
44.656
44.6552
44.6543
44.6534
44.6525
44.6516
44.6508
44.6499
44.649
44.6481
44.6478
44.6472
44.6464
44.6455
44.6446
44.6437
44.6428
44.6419
44.6411
44.6402
44.6393
44.6384
44.6375
44.6366
44.6358
44.6349
44.634
44.6331
44.6322
44.6314
44.6305
44.6296
44.6287
44.6278
44.6269
44.6261
44.6252
44.6243
44.6234
44.6225
44.6216
44.6208
44.6199
44.619
44.6181
44.6172
44.6163
44.6154
44.6146
44.6137
44.6128
44.6119
44.611
44.6101
44.6093
44.6084
44.6075
44.6066
44.6057
44.6048
44.6039
44.6031
44.6022
44.6013
44.6004
44.5995
44.5986
44.5977
44.5969
44.596
44.5951
44.5948
44.5942
44.5933
44.5924
44.5915
44.5907
44.5898
44.5889
44.588
44.5871
44.5862
44.5853
44.5844
44.5836
44.5827
44.5818
44.5809
44.58
44.5791
44.5782
44.5774
44.5765
44.5756
44.5747
44.5738
44.5729
44.572
44.5711
44.5703
44.5694
44.5685
44.5676
44.5667
44.5658
44.5649
44.564
44.5631
44.5623
44.5614
44.5605
44.5596
44.5587
44.5578
44.5569
44.556
44.5551
44.5543
44.5534
44.5525
44.5516
44.5507
44.5498
44.5489
44.548
44.5471
44.5462
44.5454
44.5445
44.5436
44.5427
44.5418
44.5409
44.54
44.5391
44.5382
44.5373
44.5365
44.5356
44.5347
44.5338
44.5329
44.532
44.5313
44.5311
44.5302
44.5293
44.5284
44.5275
44.5266
44.5258
44.5249
44.524
44.5231
44.5222
44.5213
44.5204
44.5195
44.5186
44.5177
44.5168
44.5159
44.5151
44.5142
44.5133
44.5124
44.5115
44.5106
44.5097
44.5088
44.5079
44.507
44.5061
44.5052
44.5043
44.5034
44.5025
44.5017
44.5008
44.4999
44.499
44.4981
44.4972
44.4963
44.4954
44.4945
44.4936
44.4927
44.4918
44.4909
44.49
44.4891
44.4882
44.4873
44.4869
44.4865
44.4856
44.4847
44.4838
44.4829
44.482
44.4811
44.4802
44.4793
44.4784
44.4775
44.4766
44.4757
44.4748
44.4739
44.473
44.4721
44.4712
44.4703
44.4694
44.4685
44.4676
44.4667
44.4658
44.465
44.4641
44.4632
44.4623
44.4614
44.4605
44.4596
44.4587
44.4578
44.4569
44.456
44.4551
44.4542
44.4533
44.4524
44.4515
44.4506
44.4497
44.4488
44.4479
44.447
44.4461
44.4452
44.4443
44.4434
44.4425
44.4416
44.4407
44.4398
44.4389
44.438
44.4371
44.4362
44.4353
44.4344
44.4335
44.4326
44.4317
44.4308
44.4299
44.429
44.4281
44.4272
44.4263
44.4255
44.4254
44.4245
44.4236
44.4227
44.4218
44.4209
44.42
44.4191
44.4182
44.4173
44.4164
44.4155
44.4146
44.4137
44.4128
44.4119
44.411
44.4101
44.4092
44.4083
44.4074
44.4065
44.4056
44.4047
44.4038
44.4029
44.402
44.4011
44.4002
44.3993
44.3984
44.3975
44.3966
44.3957
44.3948
44.3939
44.393
44.3921
44.3912
44.3903
44.3894
44.3885
44.3876
44.3867
44.3858
44.3849
44.384
44.3831
44.3821
44.3812
44.3803
44.3794
44.3785
44.3776
44.3767
44.3758
44.3749
44.374
44.3731
44.3722
44.3713
44.3704
44.3695
44.3686
44.3677
44.3668
44.3659
44.365
44.3641
44.3632
44.3623
44.3614
44.3604
44.3595
44.3586
44.3577
44.3568
44.3559
44.355
44.3547
44.3541
44.3532
44.3523
44.3514
44.3505
44.3496
44.3487
44.3478
44.3469
44.346
44.3451
44.3441
44.3432
44.3423
44.3414
44.3405
44.3396
44.3387
44.3378
44.3369
44.336
44.3351
44.3342
44.3333
44.3324
44.3314
44.3305
44.3296
44.3287
44.3278
44.3269
44.326
44.3251
44.3242
44.3233
44.3224
44.3215
44.3206
44.3196
44.3187
44.3178
44.3169
44.316
44.3151
44.3142
44.3133
44.3124
44.3115
44.3106
44.3096
44.3087
44.3078
44.3069
44.306
44.3051
44.3042
44.3033
44.3024
44.3015
44.3006
44.2996
44.2987
44.2978
44.2969
44.296
44.2951
44.2942
44.2933
44.2924
44.2915
44.2905
44.2896
44.2887
44.2878
44.2869
44.286
44.2851
44.2842
44.2833
44.2823
44.2814
44.2805
44.2796
44.2787
44.2778
44.2769
44.276
44.2751
44.2741
44.2732
44.2723
44.2714
44.2705
44.2696
44.2687
44.2678
44.2668
44.2659
44.265
44.2641
44.2632
44.2623
44.2614
44.2605
44.2595
44.2586
44.2577
44.2568
44.2559
44.255
44.2541
44.2531
44.2522
44.2513
44.2504
44.2495
44.2486
44.2477
44.2467
44.2458
44.2449
