-130.251
-130.248
-130.245
-130.242
-130.239
-130.236
-130.233
-130.23
-130.227
-130.224
-130.221
-130.218
-130.215
-130.212
-130.209
-130.206
-130.203
-130.2
-130.197
-130.194
-130.191
-130.188
-130.184
-130.181
-130.178
-130.175
-130.172
-130.169
-130.166
-130.163
-130.16
-130.157
-130.154
-130.151
-130.148
-130.145
-130.142
-130.139
-130.136
-130.133
-130.13
-130.127
-130.124
-130.121
-130.118
-130.114
-130.111
-130.108
-130.105
-130.102
-130.099
-130.096
-130.093
-130.09
-130.087
-130.084
-130.081
-130.078
-130.075
-130.072
-130.069
-130.066
-130.063
-130.06
-130.057
-130.054
-130.051
-130.048
-130.045
-130.041
-130.038
-130.035
-130.032
-130.029
-130.026
-130.023
-130.02
-130.017
-130.014
-130.011
-130.008
-130.005
-130.002
-129.999
-129.996
-129.993
-129.99
-129.987
-129.984
-129.981
-129.978
-129.975
-129.972
-129.969
-129.966
-129.962
-129.959
-129.956
-129.953
-129.95
-129.947
-129.944
-129.941
-129.938
-129.935
-129.932
-129.929
-129.926
-129.923
-129.92
-129.917
-129.914
-129.911
-129.908
-129.905
-129.902
-129.899
-129.896
-129.893
-129.89
-129.887
-129.884
-129.88
-129.877
-129.874
-129.871
-129.868
-129.865
-129.862
-129.859
-129.856
-129.853
-129.85
-129.847
-129.844
-129.841
-129.838
-129.835
-129.832
-129.829
-129.826
-129.823
-129.82
-129.817
-129.814
-129.811
-129.808
-129.805
-129.802
-129.799
-129.796
-129.792
-129.789
-129.786
-129.783
-129.78
-129.777
-129.774
-129.771
-129.768
-129.765
-129.762
-129.759
-129.756
-129.753
-129.75
-129.747
-129.744
-129.741
-129.738
-129.735
-129.732
-129.729
-129.726
-129.723
-129.72
-129.717
-129.714
-129.711
-129.708
-129.705
-129.702
-129.698
-129.695
-129.692
-129.689
-129.686
-129.683
-129.68
-129.677
-129.674
-129.671
-129.668
-129.665
-129.662
-129.659
-129.656
-129.653
-129.65
-129.647
-129.644
-129.641
-129.638
-129.635
-129.632
-129.629
-129.626
-129.623
-129.621
-129.62
-129.617
-129.614
-129.611
-129.608
-129.605
-129.602
-129.599
-129.595
-129.592
-129.589
-129.586
-129.583
-129.58
-129.577
-129.574
-129.571
-129.568
-129.565
-129.562
-129.559
-129.556
-129.553
-129.55
-129.547
-129.544
-129.541
-129.538
-129.535
-129.532
-129.529
-129.526
-129.523
-129.52
-129.517
-129.514
-129.511
-129.508
-129.505
-129.502
-129.499
-129.496
-129.493
-129.49
-129.487
-129.484
-129.48
-129.48
-129.477
-129.474
-129.471
-129.468
-129.465
-129.462
-129.459
-129.456
-129.453
-129.45
-129.447
-129.444
-129.441
-129.438
-129.435
-129.432
-129.429
-129.426
-129.423
-129.42
-129.417
-129.414
-129.411
-129.408
-129.405
-129.402
-129.399
-129.396
-129.393
-129.39
-129.387
-129.384
-129.381
-129.378
-129.375
-129.372
-129.369
-129.366
-129.363
-129.36
-129.357
-129.354
-129.351
-129.347
-129.344
-129.341
-129.338
-129.335
-129.332
-129.329
-129.326
-129.323
-129.32
-129.317
-129.314
-129.311
-129.308
-129.305
-129.302
-129.299
-129.299
-129.296
-129.293
-129.29
-129.287
-129.284
-129.281
-129.278
-129.275
-129.272
-129.269
-129.266
-129.263
-129.26
-129.257
-129.254
-129.251
-129.248
-129.245
-129.242
-129.239
-129.236
-129.233
-129.23
-129.227
-129.224
-129.221
-129.218
-129.215
-129.212
-129.209
-129.206
-129.203
-129.2
-129.197
-129.194
-129.191
-129.187
-129.184
-129.181
-129.178
-129.175
-129.172
-129.169
-129.166
-129.163
-129.16
-129.157
-129.154
-129.151
-129.148
-129.145
-129.142
-129.139
-129.136
-129.133
-129.13
-129.127
-129.124
-129.121
-129.119
-129.118
-129.115
-129.112
-129.109
-129.106
-129.103
-129.1
-129.097
-129.094
-129.091
-129.088
-129.085
-129.082
-129.079
-129.076
-129.073
-129.07
-129.067
-129.064
-129.061
-129.058
-129.055
-129.052
-129.049
-129.046
-129.043
-129.04
-129.037
-129.034
-129.031
-129.028
-129.025
-129.022
-129.019
-129.016
-129.013
-129.01
-129.007
-129.004
-129.001
-128.998
-128.995
-128.992
-128.989
-128.986
-128.983
-128.98
-128.977
-128.974
-128.971
-128.968
-128.965
-128.962
-128.958
-128.955
-128.952
-128.949
-128.946
-128.943
-128.941
-128.94
-128.937
-128.934
-128.931
-128.928
-128.925
-128.922
-128.919
-128.916
-128.913
-128.91
-128.907
-128.904
-128.901
-128.898
-128.895
-128.892
-128.889
-128.886
-128.883
-128.88
-128.877
-128.874
-128.871
-128.868
-128.865
-128.862
-128.859
-128.856
-128.853
-128.85
-128.847
-128.844
-128.841
-128.838
-128.835
-128.832
-128.829
-128.826
-128.823
-128.82
-128.817
-128.814
-128.811
-128.808
-128.805
-128.802
-128.799
-128.796
-128.793
-128.79
-128.787
-128.784
-128.781
-128.778
-128.775
-128.772
-128.769
-128.766
-128.763
-128.76
-128.76
-128.757
-128.754
-128.751
-128.748
-128.745
-128.742
-128.739
-128.736
-128.733
-128.73
-128.727
-128.724
-128.721
-128.718
-128.715
-128.712
-128.709
-128.706
-128.703
-128.7
-128.697
-128.694
-128.691
-128.688
-128.685
-128.682
-128.679
-128.676
-128.673
-128.67
-128.667
-128.664
-128.661
-128.658
-128.655
-128.652
-128.649
-128.646
-128.643
-128.64
-128.637
-128.634
-128.631
-128.628
-128.625
-128.622
-128.619
-128.616
-128.613
-128.61
-128.607
-128.604
-128.601
-128.598
-128.595
-128.592
-128.589
-128.586
-128.583
-128.58
-128.58
-128.577
-128.574
-128.571
-128.568
-128.565
-128.562
-128.559
-128.556
-128.553
-128.55
-128.547
-128.544
-128.541
-128.538
-128.535
-128.532
-128.529
-128.526
-128.523
-128.52
-128.517
-128.514
-128.511
-128.508
-128.505
-128.502
-128.499
-128.496
-128.493
-128.49
-128.487
-128.484
-128.481
-128.478
-128.475
-128.472
-128.469
-128.466
-128.463
-128.46
-128.457
-128.454
-128.451
-128.448
-128.445
-128.442
-128.439
-128.436
-128.433
-128.43
-128.427
-128.424
-128.421
-128.418
-128.415
-128.412
-128.409
-128.406
-128.404
-128.403
-128.4
-128.397
-128.394
-128.391
-128.388
-128.385
-128.382
-128.379
-128.376
-128.373
-128.37
-128.367
-128.364
-128.361
-128.358
-128.355
-128.352
-128.349
-128.346
-128.343
-128.34
-128.337
-128.334
-128.331
-128.328
-128.325
-128.322
-128.319
-128.316
-128.313
-128.31
-128.307
-128.304
-128.301
-128.298
-128.295
-128.292
-128.289
-128.286
-128.283
-128.28
-128.277
-128.274
-128.271
-128.268
-128.265
-128.262
-128.259
-128.256
-128.253
-128.251
-128.248
-128.245
-128.242
-128.239
-128.236
-128.233
-128.23
-128.227
-128.225
-128.224
-128.221
-128.218
-128.215
-128.212
-128.209
-128.206
-128.203
-128.2
-128.197
-128.194
-128.191
-128.188
-128.185
-128.182
-128.179
-128.176
-128.173
-128.17
-128.167
-128.164
-128.161
-128.158
-128.155
-128.152
-128.149
-128.146
-128.143
-128.14
-128.137
-128.134
-128.131
-128.128
-128.125
-128.122
-128.119
-128.116
-128.113
-128.11
-128.107
-128.104
-128.101
-128.098
-128.095
-128.092
-128.089
-128.086
-128.083
-128.08
-128.077
-128.074
-128.071
-128.068
-128.065
-128.062
-128.059
-128.056
-128.053
-128.05
-128.047
-128.047
-128.044
-128.041
-128.038
-128.035
-128.032
-128.029
-128.027
-128.024
-128.021
-128.018
-128.015
-128.012
-128.009
-128.006
-128.003
-128
-127.997
-127.994
-127.991
-127.988
-127.985
-127.982
-127.979
-127.976
-127.973
-127.97
-127.967
-127.964
-127.961
-127.958
-127.955
-127.952
-127.949
-127.946
-127.943
-127.94
-127.937
-127.934
-127.931
-127.928
-127.925
-127.922
-127.919
-127.916
-127.913
-127.91
-127.907
-127.904
-127.901
-127.898
-127.895
-127.892
-127.889
-127.886
-127.883
-127.88
-127.877
-127.874
-127.871
-127.869
-127.868
-127.866
-127.863
-127.86
-127.857
-127.854
-127.851
-127.848
-127.845
-127.842
-127.839
-127.836
-127.833
-127.83
-127.827
-127.824
-127.821
-127.818
-127.815
-127.812
-127.809
-127.806
-127.803
-127.8
-127.797
-127.794
-127.791
-127.788
-127.785
-127.782
-127.779
-127.776
-127.773
-127.77
-127.767
-127.764
-127.761
-127.758
-127.755
-127.752
-127.749
-127.746
-127.743
-127.741
-127.738
-127.735
-127.732
-127.729
-127.726
-127.723
-127.72
-127.717
-127.714
-127.711
-127.708
-127.705
-127.702
-127.699
-127.696
-127.693
-127.69
-127.689
-127.687
-127.684
-127.681
-127.678
-127.675
-127.672
-127.669
-127.666
-127.663
-127.66
-127.657
-127.654
-127.651
-127.648
-127.645
-127.642
-127.639
-127.636
-127.633
-127.63
-127.628
-127.625
-127.622
-127.619
-127.616
-127.613
-127.61
-127.607
-127.604
-127.601
-127.598
-127.595
-127.592
-127.589
-127.586
-127.583
-127.58
-127.577
-127.574
-127.571
-127.568
-127.565
-127.562
-127.559
-127.556
-127.553
-127.55
-127.547
-127.544
-127.541
-127.538
-127.535
-127.532
-127.529
-127.527
-127.524
-127.521
-127.518
-127.515
-127.512
-127.511
-127.509
-127.506
-127.503
-127.5
-127.497
-127.494
-127.491
-127.488
-127.485
-127.482
-127.479
-127.476
-127.473
-127.47
-127.467
-127.464
-127.461
-127.458
-127.455
-127.452
-127.449
-127.446
-127.443
-127.44
-127.437
-127.435
-127.432
-127.429
-127.426
-127.423
-127.42
-127.417
-127.414
-127.411
-127.408
-127.405
-127.402
-127.399
-127.396
-127.393
-127.39
-127.387
-127.384
-127.381
-127.378
-127.375
-127.372
-127.369
-127.366
-127.363
-127.36
-127.357
-127.354
-127.352
-127.349
-127.346
-127.343
-127.34
-127.337
-127.334
-127.333
-127.331
-127.328
-127.325
-127.322
-127.319
-127.316
-127.313
-127.31
-127.307
-127.304
-127.301
-127.298
-127.295
-127.292
-127.289
-127.286
-127.283
-127.28
-127.277
-127.274
-127.272
-127.269
-127.266
-127.263
-127.26
-127.257
-127.254
-127.251
-127.248
-127.245
-127.242
-127.239
-127.236
-127.233
-127.23
-127.227
-127.224
-127.221
-127.218
-127.215
-127.212
-127.209
-127.206
-127.203
-127.2
-127.198
-127.195
-127.192
-127.189
-127.186
-127.183
-127.18
-127.177
-127.174
-127.171
-127.168
-127.165
-127.162
-127.159
-127.156
-127.153
-127.15
-127.147
-127.144
-127.141
-127.138
-127.135
-127.132
-127.129
-127.127
-127.124
-127.121
-127.118
-127.116
-127.115
-127.112
-127.109
-127.106
-127.103
-127.1
-127.097
-127.094
-127.091
-127.088
-127.085
-127.082
-127.079
-127.076
-127.073
-127.07
-127.067
-127.064
-127.061
-127.059
-127.056
-127.053
-127.05
-127.047
-127.044
-127.041
-127.038
-127.035
-127.032
-127.029
-127.026
-127.023
-127.02
-127.017
-127.014
-127.011
-127.008
-127.005
-127.002
-126.999
-126.996
-126.994
-126.991
-126.988
-126.985
-126.982
-126.979
-126.976
-126.973
-126.97
-126.967
-126.964
-126.961
-126.958
-126.955
-126.952
-126.949
-126.946
-126.943
-126.94
-126.937
-126.934
-126.932
-126.929
-126.926
-126.923
-126.92
-126.917
-126.914
-126.911
-126.908
-126.905
-126.902
-126.899
-126.898
-126.896
-126.893
-126.89
-126.887
-126.884
-126.881
-126.878
-126.875
-126.873
-126.87
-126.867
-126.864
-126.861
-126.858
-126.855
-126.852
-126.849
-126.846
-126.843
-126.84
-126.837
-126.834
-126.831
-126.828
-126.825
-126.822
-126.819
-126.816
-126.814
-126.811
-126.808
-126.805
-126.802
-126.799
-126.796
-126.793
-126.79
-126.787
-126.784
-126.781
-126.778
-126.775
-126.772
-126.769
-126.766
-126.763
-126.76
-126.758
-126.755
-126.752
-126.749
-126.746
-126.743
-126.74
-126.737
-126.734
-126.731
-126.728
-126.725
-126.722
-126.722
-126.719
-126.716
-126.713
-126.71
-126.707
-126.705
-126.702
-126.699
-126.696
-126.693
-126.69
-126.687
-126.684
-126.681
-126.678
-126.675
-126.672
-126.669
-126.666
-126.663
-126.66
-126.657
-126.654
-126.652
-126.649
-126.646
-126.643
-126.64
-126.637
-126.634
-126.631
-126.628
-126.625
-126.622
-126.619
-126.616
-126.613
-126.61
-126.607
-126.604
-126.602
-126.599
-126.596
-126.593
-126.59
-126.587
-126.584
-126.581
-126.578
-126.575
-126.572
-126.569
-126.566
-126.563
-126.56
-126.557
-126.554
-126.552
-126.552
-126.549
-126.546
-126.543
-126.54
-126.537
-126.534
-126.531
-126.528
-126.525
-126.522
-126.519
-126.516
-126.513
-126.51
-126.507
-126.504
-126.502
-126.499
-126.496
-126.493
-126.49
-126.487
-126.484
-126.481
-126.478
-126.475
-126.472
-126.469
-126.466
-126.463
-126.46
-126.457
-126.455
-126.452
-126.449
-126.446
-126.443
-126.44
-126.437
-126.434
-126.431
-126.428
-126.425
-126.422
-126.419
-126.416
-126.413
-126.41
-126.408
-126.405
-126.402
-126.399
-126.396
-126.393
-126.39
-126.387
-126.384
-126.381
-126.381
-126.378
-126.375
-126.372
-126.369
-126.366
-126.364
-126.361
-126.358
-126.355
-126.352
-126.349
-126.346
-126.343
-126.34
-126.337
-126.334
-126.331
-126.328
-126.325
-126.322
-126.32
-126.317
-126.314
-126.311
-126.308
-126.305
-126.302
-126.299
-126.296
-126.293
-126.29
-126.287
-126.284
-126.281
-126.278
-126.276
-126.273
-126.27
-126.267
-126.264
-126.261
-126.258
-126.255
-126.252
-126.249
-126.246
-126.243
-126.24
-126.237
-126.234
-126.232
-126.229
-126.226
-126.223
-126.22
-126.217
-126.214
-126.211
-126.208
-126.205
-126.204
-126.202
-126.199
-126.196
-126.193
-126.191
-126.188
-126.185
-126.182
-126.179
-126.176
-126.173
-126.17
-126.167
-126.164
-126.161
-126.158
-126.155
-126.152
-126.15
-126.147
-126.144
-126.141
-126.138
-126.135
-126.132
-126.129
-126.126
-126.123
-126.12
-126.117
-126.114
-126.111
-126.109
-126.106
-126.103
-126.1
-126.097
-126.094
-126.091
-126.088
-126.085
-126.082
-126.079
-126.076
-126.073
-126.071
-126.068
-126.065
-126.062
-126.059
-126.056
-126.053
-126.05
-126.047
-126.044
-126.041
-126.038
-126.035
-126.032
-126.03
-126.03
-126.027
-126.024
-126.021
-126.018
-126.015
-126.012
-126.009
-126.006
-126.003
-126
-125.997
-125.994
-125.992
-125.989
-125.986
-125.983
-125.98
-125.977
-125.974
-125.971
-125.968
-125.965
-125.962
-125.959
-125.956
-125.954
-125.951
-125.948
-125.945
-125.942
-125.939
-125.936
-125.933
-125.93
-125.927
-125.924
-125.921
-125.918
-125.916
-125.913
-125.91
-125.907
-125.904
-125.901
-125.898
-125.895
-125.892
-125.889
-125.886
-125.883
-125.881
-125.878
-125.875
-125.872
-125.869
-125.866
-125.863
-125.86
-125.859
-125.857
-125.854
-125.851
-125.848
-125.845
-125.843
-125.84
-125.837
-125.834
-125.831
-125.828
-125.825
-125.822
-125.819
-125.816
-125.813
-125.81
-125.808
-125.805
-125.802
-125.799
-125.796
-125.793
-125.79
-125.787
-125.784
-125.781
-125.778
-125.775
-125.773
-125.77
-125.767
-125.764
-125.761
-125.758
-125.755
-125.752
-125.749
-125.746
-125.743
-125.74
-125.738
-125.735
-125.732
-125.729
-125.726
-125.723
-125.72
-125.717
-125.714
-125.711
-125.708
-125.705
-125.703
-125.7
-125.697
-125.694
-125.691
-125.689
-125.688
-125.685
-125.682
-125.679
-125.676
-125.673
-125.671
-125.668
-125.665
-125.662
-125.659
-125.656
-125.653
-125.65
-125.647
-125.644
-125.641
-125.638
-125.636
-125.633
-125.63
-125.627
-125.624
-125.621
-125.618
-125.615
-125.612
-125.609
-125.606
-125.604
-125.601
-125.598
-125.595
-125.592
-125.589
-125.586
-125.583
-125.58
-125.577
-125.574
-125.572
-125.569
-125.566
-125.563
-125.56
-125.557
-125.554
-125.551
-125.548
-125.545
-125.542
-125.539
-125.537
-125.534
-125.531
-125.528
-125.525
-125.522
-125.519
-125.516
-125.513
-125.51
-125.507
-125.505
-125.502
-125.499
-125.496
-125.493
-125.49
-125.487
-125.484
-125.481
-125.478
-125.475
-125.473
-125.47
-125.467
-125.464
-125.461
-125.458
-125.455
-125.454
-125.452
-125.449
-125.446
-125.444
-125.441
-125.438
-125.435
-125.432
-125.429
-125.426
-125.423
-125.42
-125.417
-125.414
-125.412
-125.409
-125.406
-125.403
-125.4
-125.397
-125.394
-125.391
-125.388
-125.385
-125.382
-125.38
-125.377
-125.374
-125.371
-125.368
-125.365
-125.362
-125.359
-125.356
-125.353
-125.351
-125.348
-125.345
-125.342
-125.339
-125.336
-125.333
-125.33
-125.327
-125.324
-125.322
-125.319
-125.316
-125.313
-125.31
-125.307
-125.304
-125.301
-125.298
-125.295
-125.292
-125.29
-125.287
-125.284
-125.281
-125.28
-125.278
-125.275
-125.272
-125.269
-125.266
-125.263
-125.261
-125.258
-125.255
-125.252
-125.249
-125.246
-125.243
-125.24
-125.237
-125.234
-125.232
-125.229
-125.226
-125.223
-125.22
-125.217
-125.214
-125.211
-125.208
-125.205
-125.203
-125.2
-125.197
-125.194
-125.191
-125.188
-125.185
-125.182
-125.179
-125.176
-125.174
-125.171
-125.168
-125.165
-125.162
-125.159
-125.156
-125.153
-125.15
-125.147
-125.145
-125.142
-125.139
-125.136
-125.133
-125.13
-125.127
-125.124
-125.121
-125.119
-125.116
-125.113
-125.11
-125.107
-125.104
-125.101
-125.098
-125.095
-125.092
-125.09
-125.087
-125.084
-125.081
-125.078
-125.075
-125.073
-125.072
-125.069
-125.066
-125.063
-125.061
-125.058
-125.055
-125.052
-125.049
-125.046
-125.043
-125.04
-125.037
-125.035
-125.032
-125.029
-125.026
-125.023
-125.02
-125.017
-125.014
-125.011
-125.008
-125.006
-125.003
-125
-124.997
-124.994
-124.991
-124.988
-124.985
-124.982
-124.98
-124.977
-124.974
-124.971
-124.968
-124.965
-124.962
-124.959
-124.956
-124.954
-124.951
-124.948
-124.945
-124.942
-124.939
-124.936
-124.933
-124.93
-124.929
-124.928
-124.925
-124.922
-124.919
-124.916
-124.913
-124.91
-124.907
-124.904
-124.901
-124.899
-124.896
-124.893
-124.89
-124.887
-124.884
-124.881
-124.878
-124.875
-124.873
-124.87
-124.867
-124.864
-124.861
-124.858
-124.855
-124.852
-124.849
-124.847
-124.844
-124.841
-124.838
-124.835
-124.832
-124.829
-124.826
-124.823
-124.821
-124.818
-124.815
-124.812
-124.809
-124.806
-124.803
-124.8
-124.797
-124.795
-124.792
-124.789
-124.786
-124.783
-124.78
-124.777
-124.774
-124.772
-124.769
-124.766
-124.763
-124.76
-124.757
-124.754
-124.751
-124.748
-124.746
-124.743
-124.74
-124.737
-124.734
-124.731
-124.731
-124.728
-124.725
-124.722
-124.72
-124.717
-124.714
-124.711
-124.708
-124.705
-124.702
-124.699
-124.697
-124.694
-124.691
-124.688
-124.685
-124.682
-124.679
-124.676
-124.673
-124.671
-124.668
-124.665
-124.662
-124.659
-124.656
-124.653
-124.65
-124.647
-124.645
-124.642
-124.639
-124.636
-124.633
-124.63
-124.627
-124.624
-124.622
-124.619
-124.616
-124.613
-124.61
-124.607
-124.604
-124.601
-124.599
-124.596
-124.593
-124.59
-124.587
-124.584
-124.581
-124.578
-124.575
-124.573
-124.57
-124.567
-124.564
-124.561
-124.558
-124.555
-124.552
-124.55
-124.547
-124.544
-124.541
-124.538
-124.535
-124.532
-124.529
-124.527
-124.524
-124.521
-124.518
-124.515
-124.512
-124.509
-124.506
-124.506
-124.503
-124.501
-124.498
-124.495
-124.492
-124.489
-124.486
-124.483
-124.48
-124.478
-124.475
-124.472
-124.469
-124.466
-124.463
-124.46
-124.457
-124.455
-124.452
-124.449
-124.446
-124.443
-124.44
-124.437
-124.434
-124.432
-124.429
-124.426
-124.423
-124.42
-124.417
-124.414
-124.411
-124.409
-124.406
-124.403
-124.4
-124.397
-124.394
-124.391
-124.388
-124.386
-124.383
-124.38
-124.377
-124.374
-124.371
-124.368
-124.365
-124.363
-124.36
-124.357
-124.354
-124.351
-124.348
-124.345
-124.342
-124.34
-124.337
-124.334
-124.331
-124.328
-124.325
-124.322
-124.319
-124.317
-124.314
-124.311
-124.308
-124.305
-124.302
-124.299
-124.296
-124.294
-124.291
-124.288
-124.285
-124.282
-124.279
-124.276
-124.274
-124.271
-124.268
-124.265
-124.262
-124.259
-124.256
-124.253
-124.251
-124.248
-124.245
-124.242
-124.239
-124.236
-124.233
-124.23
-124.228
-124.225
-124.222
-124.219
-124.216
-124.213
-124.21
-124.208
-124.205
-124.202
-124.199
-124.196
-124.193
-124.19
-124.187
-124.185
-124.182
-124.179
-124.176
-124.173
-124.17
-124.167
-124.164
-124.162
-124.159
